1201,8.14284767377
1202,8.59868401515
1203,8.55087983395
1204,7.82011694604
1205,4.16989665735
1206,7.94257120934
1207,6.99007081374
1208,9.1056370117
1209,9.84331651635
1210,8.72071308913
1211,8.20125110177
1212,9.82390735208
1213,10.0159681744
1214,7.93255201561
1215,8.90227201212
1216,8.33055625606
1217,7.04785060118
1218,8.24406982034
1219,8.90829945544
1220,8.08082720374
1221,8.30060512362
1222,8.34530922579
1223,7.01010186962
1224,8.75880896192
1225,8.49691288208
1226,8.18600203658
1227,8.33988523606
1228,7.669835805
1229,9.44810809336
1230,8.99448418209
1231,7.3647731578
1232,7.68606609145
1233,10.4447028476
1234,9.4649292603
1235,8.6412713968
1236,9.86926272134
1237,8.16852902891
1238,6.15110843886
1239,9.09518486175
1240,10.007895644
1241,9.91955651047
1242,8.09133208815
1243,9.82908066853
1244,8.24873398735
1245,8.46460655063
1246,8.0277570571
1247,9.93309851714
1248,8.38642776364
1249,7.58539147109
1250,9.27754161595
1251,6.49731937135
1252,8.1730247648
1253,8.77353366375
1254,7.4808838484
1255,7.09407488263
1256,9.33267363062
1257,7.34329881088
1258,9.02830980591
1259,9.31428695314
1260,9.86983643989
1261,7.91667957292
1262,10.6151357393
1263,5.19168058313
1264,8.52144906016
1265,9.46533889351
1266,7.86977786817
1267,9.75056291812
1268,8.02106771742
1269,9.86680905293
1270,10.0898047479
1271,6.6226239582
1272,8.29360307215
1273,9.55302303014
1274,6.79157590693
1275,6.70210795177
1276,8.26064532728
1277,8.13560556998
1278,8.00023561214
1279,8.66244604111
1280,9.22779016494
1281,7.80256268648
1282,6.72502098011
1283,7.28552799113
1284,10.5860688462
1285,8.37940485657
1286,7.49111949084
1287,7.94592418988
1288,8.03373337169
1289,6.55525204581
1290,9.58074245445
1291,8.7497828812
1292,8.54913908383
1293,8.3619400923
1294,6.46584714305
1295,8.26342170179
1296,8.76582806227
1297,10.2970946957
1298,6.63492993249
1299,8.24644504511
1300,10.5525340332
1301,10.6365697012
1302,9.29720286728
1303,8.46035342278
1304,6.34746349783
1305,10.0944375395
1306,7.79834041375
1307,8.26628011182
1308,6.44777372748
1309,7.93944260768
1310,6.47617250938
1311,8.39077621035
1312,8.39616647665
1313,8.38432042393
1314,7.96483095033
1315,9.58000581529
1316,9.64241942504
1317,8.70529660175
1318,7.70238525054
1319,9.10657201387
1320,9.26018475708
1321,8.91204368122
1322,9.84580310765
1323,9.15827735551
1324,8.32355580011
1325,10.5590322185
1326,8.78185652049
1327,7.77226455244
1328,8.4826649619
1329,8.75828002033
1330,8.22816772015
1331,8.53301845791
1332,3.90029950451
1333,4.7439297694
1334,6.58452184353
1335,8.19429208121
1336,6.73856563546
1337,7.75105628844
1338,9.54631746461
1339,10.5821653354
1340,9.42124347004
1341,9.33129375416
1342,9.70533055057
1343,8.9004070494
1344,9.5281212742
1345,6.30673034856
1346,9.16598726115
1347,7.98754816019
1348,8.20811810922
1349,7.06979909881
1350,8.78213036975
1351,9.33191842081
1352,7.78037125774
1353,9.01357150601
1354,8.65970238753
1355,6.45650837434
1356,8.74815642806
1357,9.82570058908
1358,7.04581963496
1359,7.61301698507
1360,9.58497178843
1361,8.3313743139
1362,8.63294868175
1363,9.8299775481
1364,8.33802273592
1365,7.22924253742
1366,7.89513437645
1367,8.29136550613
1368,7.05346554067
1369,9.84710207114
1370,9.68707111493
1371,9.59933433155
1372,9.23297976328
1373,9.62618627447
1374,7.1423781972
1375,6.62205144916
1376,10.1100544273
1377,6.20466362238
1378,9.36474196799
1379,9.12381896899
1380,9.6945716221
1381,7.19705069799
1382,8.14140301995
1383,9.70702544796
1384,6.80222367053
1385,6.32817037443
1386,8.54043849784
1387,9.31675575481
1388,7.62703708272
1389,10.4828469966
1390,9.26821848257
1391,8.87669113839
1392,7.75185924915
1393,8.22911792747
1394,9.749458258
1395,6.94126320239
1396,9.62400869283
1397,8.99002605779
1398,7.73662299215
1399,8.18670083772
1400,7.62458677912
1401,8.83672131818
1402,10.9580552494
1403,9.37342040055
1404,9.13204345185
1405,8.2264826049
1406,2.32698757796
1407,10.1132831799
1408,8.01175165251
1409,11.1265529108
1410,9.75454421996
1411,7.62766106514
1412,7.94415566929
1413,9.10441328093
1414,8.42621533503
1415,7.60349040718
1416,6.67509557823
1417,6.50349938648
1418,8.39124609421
1419,2.26495965948
1420,9.41349801053
1421,9.6327824735
1422,10.5105044308
1423,8.50147432353
1424,7.18070157833
1425,9.83984725508
1426,10.7454724494
1427,9.13526949248
1428,8.75600157319
1429,8.46516691939
1430,8.33594545555
1431,8.85566092514
1432,9.55625998089
1433,9.1615564415
1434,6.421914369
1435,8.26923234533
1436,8.35218224704
1437,8.17499741448
1438,10.2967053322
1439,8.46442066552
1440,7.62114922238
1441,6.5353539733
1442,10.5400326576
1443,8.96519871614
1444,9.73336873627
1445,6.16578053324
1446,9.41278961357
1447,10.3163076266
1448,6.83409963118
1449,8.26318227434
1450,9.14780360928
1451,8.49334537587
1452,8.84439041496
1453,8.49971871444
1454,7.93077070428
1455,8.40482799412
1456,6.02659593019
1457,8.09583637414
1458,9.17956294874
1459,6.54264859673
1460,7.17944360191
1461,10.2426060949
1462,7.88282559355
1463,9.00637851868
1464,7.67470052872
1465,9.21452017353
1466,8.48197884849
1467,9.44099039713
1468,8.09371165323
1469,7.59343525944
1470,8.45877334484
1471,9.54392807247
1472,10.6808509901
1473,8.68788430169
1474,8.91707595979
1475,7.28599258503
1476,9.22105614936
1477,10.4277772578
1478,6.17600557022
1479,8.35345660553
1480,9.73971449692
1481,7.17981427076
1482,9.12842707932
1483,8.4244227797
1484,7.57566031909
1485,8.41189944384
1486,9.92015990347
1487,9.81226250524
1488,8.48715550764
1489,9.90122069961
1490,7.68916843066
1491,7.99181117121
1492,8.50929847805
1493,6.9406442769
1494,8.22522843883
1495,9.49653346703
1496,8.07373759998
1497,6.50132092234
1498,8.72181352934
1499,8.71124304701
1500,6.92186080885
1501,8.78436257372
1502,7.1851391522
1503,8.8899083823
1504,10.2242732335
1505,7.30361824131
1506,8.12359609872
1507,8.30098878086
1508,10.1590983529
1509,10.178214616
1510,9.24766167934
1511,7.3394319789
1512,8.59466296922
1513,8.70444171392
1514,8.28434929546
1515,11.2193810985
1516,8.92384989888
1517,5.88578556514
1518,5.97873167123
1519,8.71980985313
1520,8.39457241179
1521,8.82355286414
1522,8.22590129876
1523,8.48345083636
1524,7.67671381082
1525,9.01592515165
1526,8.88743697552
1527,8.78900298688
1528,9.75725985463
1529,8.06243763436
1530,9.31215902819
1531,6.72831180061
1532,10.0469322097
1533,8.50023104919
1534,8.37258783133
1535,9.47243609704
1536,5.88803332399
1537,8.70018309109
1538,8.77633453089
1539,10.5547420387
1540,7.83575857301
1541,8.68547120682
1542,10.2289091951
1543,8.63528992583
1544,8.29769859901
1545,8.56974603385
1546,8.89444443508
1547,6.97209105152
1548,8.51765069398
1549,8.41582915108
1550,8.71977911088
1551,9.47644760005
1552,7.9049464942
1553,8.38294361138
1554,8.48280644916
1555,6.06909077796
1556,10.0778748461
1557,8.22976601442
1558,7.35063269504
1559,8.91241140188
1560,4.1829966993
1561,7.96719780763
1562,4.57073869196
1563,7.35118883051
1564,8.1308151192
1565,7.59193986565
1566,7.16785713817
1567,7.82699180376
1568,9.33278149696
1569,7.91143875117
1570,9.87860395512
1571,9.00355586811
1572,8.39228596866
1573,8.02313080664
1574,8.57169073779
1575,7.6633914912
1576,7.58442253185
1577,8.68163136188
1578,8.45474418202
1579,7.95493082926
1580,9.08102966534
1581,9.5527898544
1582,9.78729821913
1583,9.65474657548
1584,8.4379487682
1585,8.60993288383
1586,10.0223248387
1587,9.74264407544
1588,9.14318082876
1589,6.51222292642
1590,4.23444203299
1591,6.58998790787
1592,2.54610735026
1593,5.73619701728
1594,8.14450833164
1595,8.80343863422
1596,7.64137367799
1597,8.47857699192
1598,9.10039557462
1599,10.2569013215
1600,5.79023997189
1601,8.5049160222
1602,8.07317876087
1603,8.79756026872
1604,8.86083420978
1605,10.3936986294
1606,8.40963476653
1607,8.49608921087
1608,8.93204714937
1609,7.50043013686
1610,10.8139633274
1611,10.4825351243
1612,7.79649209491
1613,9.50007602756
1614,10.4352546839
1615,9.19192026866
1616,9.84693940747
1617,8.17222024267
1618,2.76951026729
1619,7.7567205603
1620,8.19259515562
1621,9.80243166141
1622,9.24463353065
1623,6.64370764248
1624,8.4046144714
1625,6.66427633839
1626,8.04683303105
1627,7.37006715405
1628,8.17064262793
1629,6.65155674006
1630,9.63477357195
1631,8.04013265345
1632,6.49814966342
1633,8.12532332848
1634,9.53701873937
1635,7.6227696557
1636,8.2510808282
1637,6.84593116021
1638,8.10594986552
1639,9.3498718318
1640,5.69704234751
1641,6.530572338
1642,8.25699485675
1643,7.8407071494
1644,9.3088669392
1645,9.54830438323
1646,9.36975796024
1647,7.65622197118
1648,8.04116433252
1649,8.62572513022
1650,8.73786922933
1651,9.74903666441
1652,4.57031748735
1653,8.80894138061
1654,8.47824824036
1655,6.46886998384
1656,6.62047214136
1657,10.4393822936
1658,7.41654483484
1659,10.4878106839
1660,9.14623983693
1661,8.15378120472
1662,8.08457078028
1663,8.58212683575
1664,8.78358038052
1665,8.56305632731
1666,9.08040998454
1667,7.34893947752
1668,8.61559621004
1669,8.11529912794
1670,8.05667466542
1671,9.12406959692
1672,8.21756139516
1673,8.58281542471
1674,11.0355963023
1675,8.66204503045
1676,8.16350780184
1677,5.58951948437
1678,7.70987773905
1679,8.35583160759
1680,8.33638703045
1681,9.08480187428
1682,8.56389164961
1683,7.80409567252
1684,7.86748116322
1685,11.1069718602
1686,7.19059035367
1687,6.58627467812
1688,9.37339714661
1689,8.50983090898
1690,10.5449867795
1691,7.75457354515
1692,8.32655899608
1693,9.52834427953
1694,7.26019181074
1695,10.0597508023
1696,10.5531602483
1697,8.47241718652
1698,10.5550268774
1699,8.95751124409
1700,8.46964347363
1701,8.07537548594
1702,10.7097999997
1703,9.91769239917
1704,9.46962576616
1705,9.65900201207
1706,8.41069920435
1707,9.90806366188
1708,9.32941637894
1709,10.2440654194
1710,8.81864584212
1711,9.2604358068
1712,8.01811893876
1713,9.64976145148
1714,6.52697902715
1715,8.96781753404
1716,7.12050101287
1717,7.16118593459
1718,8.17068062741
1719,3.61508476578
1720,8.20250476994
1721,8.44559419509
1722,8.45871354794
1723,8.25312554657
1724,8.28429997889
1725,10.1876212086
1726,9.78459567143
1727,6.33477617332
1728,8.24961505071
1729,8.36266870668
1730,8.51700263644
1731,6.62540928837
1732,7.97483048166
1733,8.05345260099
1734,10.352714233
1735,9.54541349849
1736,9.9113803693
1737,8.83135763239
1738,6.9359976946
1739,9.61784067442
1740,6.19680829262
1741,9.56967544114
1742,9.76521336619
1743,9.02429155995
1744,8.5184289218
1745,8.15628421623
1746,10.5282742226
1747,9.84321817715
1748,9.35972270207
1749,10.6464291618
1750,9.08081849047
