1201,4.06993642544
1202,4.36352795666
1203,4.25562757077
1204,3.91929191465
1205,2.19557251894
1206,4.03475825379
1207,3.54320748421
1208,4.38347031488
1209,5.00004004024
1210,4.30306008222
1211,4.13896627068
1212,4.87962425185
1213,5.04872386211
1214,3.87967602684
1215,4.44008857171
1216,4.16316756724
1217,3.6435801439
1218,4.18959648982
1219,4.38343398706
1220,4.11812117217
1221,4.19114581561
1222,4.16298188577
1223,3.55216817822
1224,4.38163625696
1225,4.2163473086
1226,4.10798091628
1227,4.20600673431
1228,3.66885581837
1229,4.60468735007
1230,4.43830195336
1231,3.75403666561
1232,3.90508766758
1233,5.05375912234
1234,4.68393141534
1235,4.27182464791
1236,4.96529046651
1237,4.06238344154
1238,3.15061053816
1239,4.40762298235
1240,5.07505279031
1241,4.9374060459
1242,4.08381164044
1243,4.87274745057
1244,4.12933483875
1245,4.1838696405
1246,4.06477536796
1247,4.9817387118
1248,4.2236970228
1249,3.54635526746
1250,4.48821385272
1251,3.30277837202
1252,4.1096510776
1253,4.32794610092
1254,3.73183724244
1255,3.60256134666
1256,4.68932068973
1257,3.72241901567
1258,4.47552877716
1259,4.59112431237
1260,4.91547137354
1261,3.99163336777
1262,5.34071104944
1263,2.6978200206
1264,4.22658886021
1265,4.69436806222
1266,3.97418987457
1267,4.94141930558
1268,4.06992157759
1269,5.12900555723
1270,4.97081856157
1271,3.27311827882
1272,4.0782910353
1273,4.80413989136
1274,3.36620456357
1275,3.36225456216
1276,4.13962095162
1277,4.05462652606
1278,4.02084992964
1279,4.3385662265
1280,4.71097547584
1281,3.92883694369
1282,3.37774161396
1283,3.53636778631
1284,5.22870583077
1285,4.25162202633
1286,3.82458012713
1287,4.01607227377
1288,3.99954051469
1289,3.36640943448
1290,4.7269664444
1291,4.36737014543
1292,4.39340679789
1293,4.18516012773
1294,3.33066061196
1295,4.08066731575
1296,4.34530143762
1297,5.26499928437
1298,3.30048298764
1299,4.16640642153
1300,5.08356358267
1301,5.12356747667
1302,4.75831981963
1303,4.17542507745
1304,3.22917290387
1305,4.9193916834
1306,3.92793546273
1307,4.27249878781
1308,3.24913631968
1309,3.99699986545
1310,3.26868589615
1311,4.18116088423
1312,4.14791808087
1313,4.1559163976
1314,4.02391590269
1315,4.70975463046
1316,4.83781164951
1317,4.37730431319
1318,3.88207586775
1319,4.41570652295
1320,4.66626992915
1321,4.42891758137
1322,5.10096158489
1323,4.65396450981
1324,4.14651725743
1325,5.25687232419
1326,4.39176818854
1327,3.86496755887
1328,4.19897254918
1329,4.35650635725
1330,4.16008736402
1331,4.25683971512
1332,2.04009202668
1333,2.25172605876
1334,3.33248852979
1335,4.12755074286
1336,3.38720364536
1337,3.8500823414
1338,4.726293775
1339,5.16661106905
1340,4.65008926404
1341,4.83763003265
1342,4.78935703195
1343,4.32252854197
1344,4.93006420977
1345,3.23843454143
1346,4.68920480617
1347,4.0362588643
1348,4.04402429345
1349,3.54651486877
1350,4.36766101056
1351,4.74024159271
1352,3.88446761991
1353,4.52882580426
1354,4.41997910432
1355,3.2813961034
1356,4.25018065779
1357,4.95386111065
1358,3.47141864884
1359,3.85589658545
1360,4.90778298209
1361,4.18317319768
1362,4.25720971387
1363,4.83891634664
1364,4.19365981129
1365,3.71884225346
1366,3.99060823676
1367,4.20668085428
1368,3.42070948654
1369,4.99605188099
1370,4.92940156249
1371,4.88071216262
1372,4.57291675616
1373,4.82719239825
1374,3.51333242038
1375,3.39230394949
1376,5.06960899967
1377,3.12517645276
1378,4.75011383987
1379,4.56216899379
1380,4.7532419132
1381,3.60836342528
1382,4.13300082806
1383,4.9350934399
1384,3.38976847055
1385,3.22582342598
1386,4.36545158499
1387,4.48243735663
1388,3.80941750337
1389,5.22837177728
1390,4.69391619452
1391,4.43714073236
1392,3.96007098339
1393,4.08472225016
1394,4.91766944409
1395,3.47234339062
1396,4.83768376235
1397,4.38625018564
1398,4.03627631523
1399,4.10603775028
1400,3.7783691803
1401,4.45646982999
1402,5.41882034794
1403,4.67340738265
1404,4.65513037736
1405,4.17779280919
1406,1.15095864542
1407,5.23025367238
1408,4.08446596559
1409,5.59387562376
1410,5.03574118357
1411,3.71462844717
1412,4.00564096864
1413,4.51454420438
1414,4.41437260637
1415,3.8381123727
1416,3.38813876952
1417,3.34723229452
1418,4.13413737264
1419,1.13581025533
1420,4.74958000931
1421,4.78971581901
1422,5.38512916761
1423,4.23032020099
1424,3.70147615226
1425,4.94035181014
1426,5.22466305726
1427,4.65766838113
1428,4.32597910253
1429,4.27836313151
1430,4.17878311189
1431,4.49198952823
1432,4.78568538999
1433,4.43369485529
1434,3.33073958698
1435,4.18725514356
1436,4.23070124932
1437,4.04613830054
1438,5.09728031108
1439,4.20341478294
1440,3.84994764936
1441,3.21065166495
1442,5.16134576732
1443,4.5469364418
1444,4.89130995188
1445,3.15253386407
1446,4.64241047885
1447,5.15230363363
1448,3.450979619
1449,4.16862308107
1450,4.52434417443
1451,4.19761577724
1452,4.2819209325
1453,4.23581945294
1454,3.94255833247
1455,4.23301955713
1456,2.94227423895
1457,4.07140705024
1458,4.63826763451
1459,3.31931564757
1460,3.60478363315
1461,5.10809055535
1462,4.046259592
1463,4.44052310206
1464,3.77232059576
1465,4.88316832264
1466,4.25422226709
1467,4.73552740273
1468,4.07796142609
1469,3.75456997135
1470,4.25154519266
1471,4.78593884521
1472,5.1657891647
1473,4.29495986176
1474,4.45620046627
1475,3.65649804625
1476,4.60902022833
1477,4.99529596042
1478,3.16026445954
1479,4.19269032324
1480,4.90252021428
1481,3.790193983
1482,4.48508466954
1483,4.294244928
1484,3.85208955634
1485,4.24641623138
1486,4.94574420421
1487,4.94155281534
1488,4.14238709873
1489,5.1024661592
1490,3.8036449819
1491,3.96380430453
1492,4.29254928981
1493,3.45111309192
1494,4.1169575977
1495,4.80043764671
1496,4.02555170018
1497,3.27113624408
1498,4.3526152603
1499,4.4561961025
1500,3.48324098736
1501,4.45068117393
1502,3.59387142879
1503,4.31221797194
1504,4.94020588305
1505,3.6080135357
1506,4.13246777053
1507,4.13461757085
1508,5.25029206349
1509,4.8094366325
1510,4.52348603194
1511,3.72661374025
1512,4.33515044531
1513,4.43649551292
1514,4.23030161942
1515,5.67063391616
1516,4.35769188721
1517,2.86585779994
1518,2.96596309599
1519,4.40397020402
1520,4.16229463629
1521,4.38017040751
1522,4.16495006812
1523,4.226483062
1524,3.94352629163
1525,4.48655052687
1526,4.37935859155
1527,4.47258122227
1528,4.89618513848
1529,4.04389977974
1530,4.58355220372
1531,3.32988465941
1532,5.01568615524
1533,4.17792380504
1534,4.09253626042
1535,4.73443072173
1536,2.88825605595
1537,4.27784980718
1538,4.4003056326
1539,5.15348718484
1540,3.85789829569
1541,4.29278673267
1542,5.11420566196
1543,4.30391673522
1544,4.15064834256
1545,4.33800679283
1546,4.35643843727
1547,3.57625843106
1548,4.28134908453
1549,4.22940293606
1550,4.41196336008
1551,4.68176428053
1552,4.01903962794
1553,4.18182157687
1554,4.21113298004
1555,3.05157868915
1556,5.01802553001
1557,4.14485908726
1558,3.8007444181
1559,4.59844709847
1560,2.07599391041
1561,3.93431526107
1562,2.22798296794
1563,3.7206072221
1564,4.05930065126
1565,3.76130007374
1566,3.5370948633
1567,3.96004043536
1568,4.67020978381
1569,3.98459904572
1570,4.95081689161
1571,4.57506797487
1572,4.31676878162
1573,4.03806091475
1574,4.39993211758
1575,3.89144166959
1576,3.70300284869
1577,4.3724506885
1578,4.29991332801
1579,4.00563306035
1580,4.39809698276
1581,4.77232449852
1582,5.08553547855
1583,4.81123697105
1584,4.31139429714
1585,4.24860000638
1586,5.10242122632
1587,4.93245203306
1588,4.57694225073
1589,3.23553936177
1590,2.07705503173
1591,3.27184543517
1592,1.30431723386
1593,2.81008252085
1594,4.11065734704
1595,4.41845252062
1596,3.76441579284
1597,4.28193355381
1598,4.44673086628
1599,5.08029162532
1600,2.84331866671
1601,4.23165768296
1602,4.08316717238
1603,4.36088991602
1604,4.48147266259
1605,5.00799529045
1606,4.16322630512
1607,4.25194311432
1608,4.51142441353
1609,3.64150657174
1610,5.22461394666
1611,5.05219779986
1612,3.88738253401
1613,4.660085065
1614,5.05197563514
1615,4.59977855694
1616,4.95108592187
1617,4.14869566829
1618,1.28216450645
1619,3.87085880458
1620,4.12013262628
1621,4.90481652301
1622,4.71707657964
1623,3.35005316084
1624,4.23985554611
1625,3.40885172049
1626,4.04903560843
1627,3.44822960706
1628,4.00234806269
1629,3.32743134738
1630,4.74570595941
1631,3.94897912621
1632,3.30140723897
1633,4.08901221915
1634,4.87031830647
1635,3.83046945443
1636,4.18157838534
1637,3.45459225247
1638,4.06134710849
1639,4.6671709712
1640,2.80183267919
1641,3.38129282429
1642,4.10187707373
1643,3.91861410969
1644,4.56045638104
1645,4.76915998315
1646,4.64374690314
1647,3.83218866294
1648,4.00907836943
1649,4.41150356497
1650,4.39989962536
1651,5.05849814644
1652,2.32512084368
1653,4.33887502714
1654,4.24363647197
1655,3.40287722002
1656,3.33972960232
1657,4.91178409121
1658,3.63332638392
1659,5.1781557012
1660,4.59087076145
1661,4.10672614804
1662,4.25444436306
1663,4.25358252273
1664,4.35756175993
1665,4.2833863886
1666,4.49561069338
1667,3.55118693823
1668,4.29450995231
1669,4.08380444952
1670,4.01606141682
1671,4.31784577627
1672,4.14136624436
1673,4.20367529769
1674,5.37502193699
1675,4.23062155376
1676,4.08956381215
1677,2.7602249925
1678,3.81835556668
1679,4.1272456196
1680,4.07828094009
1681,4.55352133426
1682,4.202162045
1683,3.9473009692
1684,4.00612588969
1685,5.52041648604
1686,3.65026756004
1687,3.36281207254
1688,4.66267433051
1689,4.31659943038
1690,5.22152238078
1691,3.82257968454
1692,4.19278615459
1693,4.67698839518
1694,3.63204942369
1695,5.11992414528
1696,5.11097742029
1697,4.37682337395
1698,5.06995954734
1699,4.51009334006
1700,4.29877418567
1701,4.062648196
1702,5.24727672911
1703,5.13619401743
1704,4.75598576873
1705,4.85756547802
1706,4.14406831121
1707,5.02276786125
1708,4.61897278948
1709,5.06987560976
1710,4.38963360315
1711,4.51605345534
1712,4.08639644138
1713,4.80949406484
1714,3.25803433911
1715,4.52011689023
1716,3.59715848888
1717,3.55414270399
1718,4.07050958153
1719,1.7791861535
1720,4.09222943513
1721,4.22155391794
1722,4.29452950135
1723,4.20185609623
1724,4.1915189331
1725,5.12347614058
1726,4.85471971316
1727,3.1781111708
1728,4.14154678438
1729,4.20071467288
1730,4.30421072493
1731,3.37096780219
1732,4.01900769442
1733,4.0884480548
1734,4.78698569057
1735,4.83349567045
1736,5.03789062103
1737,4.44729501494
1738,3.48425173393
1739,5.00172913134
1740,3.14891101512
1741,5.10247922352
1742,4.83823105366
1743,4.51993355967
1744,4.30551541371
1745,4.11056846076
1746,5.05685675732
1747,4.83851370706
1748,4.77016092155
1749,5.10094214421
1750,4.46827265087
